{
  "s7_pf": 0.5473378078703649,
  "s7_win": 0.3386734120292299,
  "s7_net": -6.040947288317826,
  "s7_n": 3558,
  "base_pf_ref": 0.816,
  "s7_sl_mult": 1.4,
  "s7_timeout_min": 120
}